M=30;
N=40;

T=[10 30;290 20;80 180;130 270;390 180;390 20]/10;

Q=[1 2 3;3 4 2;4 2 5;2 6 5];

C=[0.9 0.7 0.2;1 0.1 0.1;0.4 0.5 0.9;...
    0.1 0.1 1;0.3 0.6 0.6;0.7 0.9 0.2];



