M=3000;
N=4000;

T=[10 30;4000 10;1500 500];

Q=[1 2 3];

C=[0.9 0.7 0.2;1 0.1 0.1;0.4 0.5 0.9;...
    0.1 0.1 1;0.3 0.6 0.6;0.7 0.9 0.2;
    0.5 0.7 0.32;0.2 0.4 0.9];



